Size	sortiert	invers		random1		2		3		4		5

InsertionSort: 
1000:	0,000000	0,016000	0,000000	0,000000	0,000000	0,000000	0,000000	
10000:	0,000000	0,375000	0,187000	0,187000	0,173000	0,187000	0,187000	
100000:	0,000000	36,535000	18,222000	18,346000	18,253000	18,175000	18,300000	
SelectionSort: 
1000:	0,000000	0,015000	0,000000	0,017000	0,000000	0,000000	0,016000	
10000:	0,530000	0,484000	0,532000	0,531000	0,531000	0,530000	0,532000	
100000:	52,900000	48,974000	53,134000	53,107000	52,947000	52,917000	52,901000	
BubbleSort: 
1000:	0,016000	0,000000	0,016000	0,016000	0,000000	0,000000	0,016000	
10000:	0,452000	0,624000	1,062000	1,046000	1,048000	1,046000	1,047000	
100000:	45,242000	63,118000	105,253000	105,348000	105,021000	105,115000	104,941000	
ShellSort: 
1000:	0,000000	0,016000	0,000000	0,000000	0,000000	0,000000	0,000000	
10000:	0,000000	0,000000	0,015000	0,000000	0,017000	0,000000	0,016000	
100000:	0,015000	0,047000	0,078000	0,078000	0,078000	0,078000	0,078000	
HeapSort: 
1000:	0,000000	0,015000	0,000000	0,000000	0,000000	0,000000	0,000000	
10000:	0,000000	0,016000	0,000000	0,015000	0,000000	0,016000	0,000000	
100000:	0,062000	0,063000	0,078000	0,078000	0,078000	0,079000	0,078000	
QuickSort: 
1000:	0,000000	0,000000	0,000000	0,015000	0,000000	0,000000	0,000000	
10000:	0,000000	0,094000	0,000000	0,016000	0,000000	0,000000	0,000000	
100000:	0,016000	9,096000	0,048000	0,047000	0,047000	0,063000	0,063000	
MergeSort: 
1000:	0,000000	0,000000	0,000000	0,000000	0,000000	0,000000	0,000000	
10000:	0,015000	0,000000	0,000000	0,015000	0,016000	0,016000	0,015000	
100000:	0,078000	0,063000	0,109000	0,109000	0,109000	0,110000	0,109000	
BucketSort: 
1000:	0,015000	0,016000	0,000000	0,000000	0,016000	0,000000	0,000000	
10000:	0,062000	0,062000	0,063000	0,062000	0,047000	0,046000	0,063000	
100000:	0,842000	0,828000	0,920000	0,859000	0,889000	0,890000	0,842000